	estimate	upper	lower	
esite0	 .01008292	 .06160911	-.04144327	
esite1	-.37432521	-.15435432	-.59429609	
esite2	-1.0548853	-.65062679	-1.4591438	
esite3	-1.8048302	-1.1702855	-2.4393749	
esite4	-2.6251283	-1.6213928	-3.6288638	
esite5	-3.4624757	-2.1544599	-4.7704915	
esite6	-4.0569588	-2.2837921	-5.8301254	
esite7	-4.3102554	-2.1962286	-6.4242823	
esite8	-4.5028009	 -2.220969	-6.7846329	
esite9	-4.6399311	-2.2700215	-7.0098407	
esite10	-4.7014305	 -2.336033	 -7.066828	
esite11	-4.5978724	-2.3185163	-6.8772284	
esite12	-4.5255577	-2.3255313	-6.7255841	
esite13	-4.5168039	 -2.317354	-6.7162538	
esite14	-4.5644866	-2.3656567	-6.7633165	
esite15	-4.4130307	-2.2887719	-6.5372896	
esite16	-4.1164139	-2.0337648	 -6.199063	
ebelligerent0	-.01211893	 .03705386	-.06129172	
ebelligerent1	-.20814472	 .00036759	-.41665703	
ebelligerent2	-.38177121	-.06663807	-.69690436	
ebelligerent3	-.51463623	-.15054575	-.87872671	
ebelligerent4	-.62900172	-.22987959	-1.0281238	
ebelligerent5	-.72113102	-.19059405	 -1.251668	
ebelligerent6	-.93656909	-.25860487	-1.6145333	
ebelligerent7	-1.1649284	-.37110558	-1.9587512	
ebelligerent8	-1.0551302	-.23356809	-1.8766924	
ebelligerent9	-1.1531372	-.35989853	-1.9463759	
ebelligerent10	 -1.613859	-.43094649	-2.7967715	
ebelligerent11	-1.4991405	-.36107517	-2.6372058	
ebelligerent12	-1.4320958	-.25644162	-2.6077499	
ebelligerent13	-1.3763199	-.15331506	-2.5993246	
ebelligerent14	-1.3522992	-.07837046	-2.6262279	
ebelligerent15	-1.3024714	 .05177825	-2.6567211	
ebelligerent16	  -1.23257	 .21282139	-2.6779614	
ethird0	-.03407717	 .04377707	-.11193141	
ethird1	-.13606629	  .0614505	-.33358308	
ethird2	-.24243737	-.05990081	-.42497393	
ethird3	-.31575194	-.12468401	-.50681986	
ethird4	-.45713334	-.23415634	-.68011035	
ethird5	-.57138047	-.27624278	-.86651817	
ethird6	-.64568261	-.26649933	-1.0248659	
ethird7	 -.8312084	-.29995432	-1.3624625	
ethird8	-.91295887	-.30446603	-1.5214517	
ethird9	-.97578876	-.28958302	-1.6619945	
ethird10	-1.0064125	-.24604133	-1.7667836	
ethird11	-.99316493	-.16979543	-1.8165344	
ethird12	-.93996578	-.03531789	-1.8446137	
ethird13	-.90923328	 .06857607	-1.8870426	
ethird14	 -.8972646	 .14982347	-1.9443527	
ethird15	-.87032333	 .24192605	-1.9825727	
ethird16	-.83195652	 .34620019	-2.0101132	
