	estimate	upper	lower	
esite0	-.70428854	 1.1333021	-2.5418792	
esite1	-4.0743907	-1.2673816	-6.8813997	
esite2	-7.8415924	 -5.367403	-10.315782	
esite3	-13.169281	-10.773995	-15.564568	
esite4	 -14.57982	-11.197936	-17.961705	
esite5	-13.922886	-10.316628	-17.529144	
esite6	-19.782526	-14.018917	-25.546136	
esite7	-20.351556	-10.964331	 -29.73878	
esite8	-16.995926	-7.5444023	 -26.44745	
esite9	-16.201646	-3.0186925	-29.384599	
esite10	-17.200683	-6.0775825	-28.323784	
esite11	-17.156577	-6.1012876	-28.211866	
esite12	-14.619117	-4.9359752	-24.302258	
esite13	-11.712499	-2.3529393	-21.072059	
esite14	-7.1492425	-.58744301	-13.711042	
esite15	-9.3762609	 -4.309072	 -14.44345	
esite16	-13.453644	-8.4714904	-18.435798	
ebelligerent0	-1.8084716	-1.1296703	 -2.487273	
ebelligerent1	-2.4798622	-.78759362	-4.1721307	
ebelligerent2	 -1.619211	 1.0748695	-4.3132915	
ebelligerent3	-3.6494618	-.73963991	-6.5592837	
ebelligerent4	-3.5461663	 .37726328	-7.4695959	
ebelligerent5	-3.4208011	 .00694474	-6.8485469	
ebelligerent6	-5.9181777	-1.5164577	-10.319898	
ebelligerent7	-6.6353709	-3.0095089	-10.261233	
ebelligerent8	-5.8758278	 -2.629654	-9.1220017	
ebelligerent9	-4.6573826	-.89562386	-8.4191413	
ebelligerent10	-5.2902142	-.83285643	-9.7475721	
ebelligerent11	-6.5592983	-1.8029113	-11.315685	
ebelligerent12	-6.4652972	-2.1055132	-10.825081	
ebelligerent13	-5.0376123	-.05726282	-10.017962	
ebelligerent14	-3.4879167	  1.486645	-8.4624783	
ebelligerent15	-3.3999421	 1.6967391	-8.4966234	
ebelligerent16	-4.0181781	 .87175097	-8.9081073	
ethird0	 -1.575462	 .22552251	-3.3764464	
ethird1	-2.5143133	-.67969678	-4.3489298	
ethird2	-2.9373588	-.19834127	-5.6763762	
ethird3	-6.3259524	-1.1953627	-11.456542	
ethird4	-8.0705401	-3.1778855	-12.963195	
ethird5	-7.8301239	-2.5236005	-13.136647	
ethird6	-8.7508825	-2.9859133	-14.515852	
ethird7	-10.136105	-4.5079592	-15.764252	
ethird8	-9.0723774	-4.1006166	-14.044138	
ethird9	 -8.310258	-3.8785231	-12.741993	
ethird10	-8.6530062	-4.0850716	-13.220941	
ethird11	-9.3126614	-4.8829979	-13.742325	
ethird12	-8.9109431	 -4.316541	-13.505345	
ethird13	-7.4792312	-2.7049407	-12.253522	
ethird14	-7.2106197	 -2.428968	-11.992271	
ethird15	-8.0790868	-2.7682235	 -13.38995	
ethird16	-8.9797321	-3.4245592	-14.534905	
